#!ascii label  , from subject fsaverage5 vox2ras=TkReg coords=white
543
6  -36.338  -85.401  -2.178 2.1133515835
32  -23.804  -78.704  16.999 2.4058244228
34  -13.008  -92.719  3.053 5.5191965103
86  -20.206  -100.153  -7.890 1.8314007521
87  -18.552  -89.236  -7.344 2.5678765774
136  -29.270  -92.966  9.675 2.9650287628
140  -12.083  -97.438  13.914 2.2418067455
157  -6.560  -80.136  -1.729 1.0958384275
206  -28.246  -95.352  -4.970 2.5327856541
207  -28.743  -93.812  -14.715 1.7934756279
208  -39.655  -87.356  -7.787 1.5934132338
302  -21.544  -86.212  25.868 2.1320948601
303  -10.385  -90.520  27.869 4.5444278717
304  -16.579  -91.552  17.999 2.3279571533
305  -21.773  -97.961  13.487 5.4149789810
306  -25.646  -86.854  13.131 0.9616559744
346  -11.367  -87.240  7.483 5.7173967361
348  -5.444  -90.029  -3.465 8.5400028229
349  -30.791  -79.357  -11.458 2.0242767334
350  -21.609  -80.031  -6.120 3.4769363403
351  -29.755  -68.889  -13.541 1.4636836052
442  -15.129  -98.287  -3.664 4.1734929085
443  -8.651  -96.571  -11.040 10.4501781464
444  -17.146  -96.571  -15.906 3.8496139050
445  -28.245  -86.204  -16.930 1.7063227892
446  -39.419  -75.650  -15.124 1.8925576210
550  -40.907  -81.082  6.552 0.8332737088
565  -32.746  -78.632  16.681 1.4290244579
568  -26.982  -85.702  1.691 2.1886200905
573  -2.924  -86.270  11.489 5.1776123047
576  -5.191  -98.694  8.479 3.0222115517
577  -12.110  -102.125  3.025 1.9233696461
578  -21.818  -97.390  1.334 2.8746893406
628  -10.218  -86.220  -12.742 3.4206721783
629  -16.305  -73.945  -10.446 2.5085623264
686  -30.336  -89.494  -5.356 1.8613001108
687  -32.168  -91.016  -8.049 0.9213522077
688  -38.280  -87.477  -4.788 1.3738671541
782  -23.289  -82.524  21.320 1.7477953434
783  -17.511  -87.132  21.527 4.1903600693
784  -19.764  -85.112  17.060 3.2875359058
785  -20.479  -89.386  14.466 2.9029915333
786  -23.550  -82.618  13.104 2.5820615292
826  -11.450  -89.994  3.843 4.5144290924
827  -10.847  -87.757  -0.405 11.5825281143
828  -10.613  -91.095  -2.761 10.1810674667
829  -35.677  -73.070  -16.306 4.9058561325
830  -29.351  -74.611  -13.254 0.8343896866
831  -36.020  -66.542  -15.657 0.8700571060
832  -34.767  -61.123  -15.476 1.7528889179
976  -15.872  -100.797  -7.896 2.7006635666
977  -15.374  -98.382  -12.802 2.2315382957
978  -18.667  -98.783  -15.758 0.9909269214
980  -29.039  -89.884  -15.817 5.5022635460
981  -35.794  -84.653  -16.161 1.6770533323
982  -35.686  -80.887  -14.107 3.1573436260
983  -40.002  -79.183  -13.382 1.2645337582
1270  -10.134  -94.599  21.321 1.5433222055
1271  -7.270  -90.453  24.644 2.0087845325
1272  -10.374  -91.111  14.881 1.1235616207
1273  -5.143  -93.370  14.117 3.1652128696
1274  -8.650  -97.181  8.874 2.5959820747
1275  -7.577  -101.593  6.106 2.4306447506
1276  -11.179  -101.086  9.220 2.8348822594
1277  -26.213  -96.249  10.944 4.9289608002
1278  -20.501  -97.457  7.119 5.5884423256
1279  -23.103  -93.754  6.177 6.3963575363
1280  -23.147  -91.396  1.183 2.7878820896
1281  -26.152  -88.870  6.654 4.1484208107
1399  -3.167  -80.919  1.089 1.9489914179
1401  -4.709  -74.986  1.061 1.3253237009
1404  -11.828  -93.994  -10.195 4.5992665291
1405  -8.124  -91.463  -12.316 1.5571275949
1406  -14.185  -88.154  -10.072 2.2986209393
1408  -18.882  -77.442  -7.997 1.3429628611
1409  -21.755  -69.379  -8.400 2.1668951511
1522  -24.516  -98.394  -6.887 2.6919596195
1523  -23.184  -97.370  -14.598 1.2840000391
1524  -27.282  -95.679  -10.544 3.9047219753
1525  -33.668  -89.891  -10.711 1.7574511766
1698  -14.266  -86.555  25.795 5.9491934776
1699  -13.358  -91.530  22.611 2.7031028271
1700  -14.373  -95.986  18.595 3.5890398026
1701  -15.461  -99.251  14.130 6.8737006187
1702  -19.081  -94.883  15.827 3.2854559422
1703  -23.725  -92.691  13.693 1.7358528376
1704  -28.378  -90.887  13.006 1.1466970444
1776  -11.966  -84.198  3.149 3.2740771770
1777  -5.998  -85.584  -0.082 6.7180571556
1778  -3.166  -85.048  -3.961 2.3590285778
1779  -23.095  -84.664  -11.739 2.3000686169
1780  -19.860  -84.876  -8.399 4.0163359642
1781  -26.628  -80.829  -7.844 3.5670766830
1782  -28.323  -75.727  -7.062 1.9172601700
1785  -29.401  -64.313  -14.025 1.4474298954
1990  -14.371  -95.276  0.061 8.7425928116
1991  -11.608  -94.307  -5.642 5.5336790085
1992  -13.520  -96.515  -8.335 4.4772081375
1993  -12.113  -97.165  -13.556 2.2650547028
1994  -17.250  -94.009  -10.652 2.7012538910
1996  -23.600  -91.132  -12.587 1.7086266279
1997  -22.633  -87.638  -13.214 2.4561965466
1998  -29.206  -83.368  -13.599 3.5245609283
1999  -35.419  -77.064  -14.072 3.6391105652
2000  -41.503  -71.186  -17.280 2.0789320469
2290  -38.043  -84.059  2.210 2.6798882484
2291  -41.343  -85.436  -0.314 1.3431041241
2335  -27.786  -77.482  14.124 1.7334319353
2338  -32.860  -89.883  11.471 1.4178787470
2341  -31.570  -86.726  8.278 2.3690192699
2342  -30.785  -82.628  5.544 2.0997667313
2343  -33.607  -81.981  3.296 2.6554040909
2344  -31.533  -85.509  -1.304 2.9724185467
2354  -6.093  -87.589  10.006 8.7108182907
2355  -6.708  -91.591  5.566 3.2539303303
2363  -3.559  -93.390  9.793 4.7971329689
2364  -8.225  -96.371  6.542 9.9232378006
2365  -8.630  -99.727  3.536 11.6005306244
2366  -10.257  -101.979  -1.279 2.2221496105
2367  -15.190  -102.171  -2.721 2.0383384228
2368  -15.547  -99.326  8.232 1.8038955927
2369  -17.785  -100.839  2.150 2.4516518116
2370  -21.488  -99.444  -1.920 2.4405386448
2371  -25.371  -96.608  -1.873 2.5149421692
2372  -28.281  -91.129  -1.662 2.4936730862
2488  -39.258  -73.635  -10.592 1.1462345123
2490  -43.300  -62.710  -15.878 3.3189666271
2518  -5.283  -94.072  -9.128 3.6298880577
2519  -4.494  -89.486  -10.112 3.2666237354
2520  -9.081  -85.571  -7.211 1.7740303278
2521  -16.283  -82.535  -10.536 3.5792706013
2522  -13.551  -79.444  -11.212 2.2018573284
2606  -33.488  -86.695  -4.222 1.7137212753
2607  -34.339  -87.969  -5.536 1.6157757044
2608  -37.337  -86.136  -3.538 1.2945964336
2702  -23.191  -80.269  19.196 2.0503365993
2703  -21.398  -83.669  19.119 3.2335534096
2704  -22.148  -81.925  16.723 2.8527524471
2705  -21.551  -83.726  14.742 3.3193676472
2706  -23.476  -80.408  14.796 2.8242530823
2746  -12.277  -91.387  3.452 4.8940629959
2747  -12.569  -90.383  0.632 11.5690097809
2748  -12.854  -91.288  -0.221 5.6390676498
2752  -39.111  -62.346  -17.762 1.0442069769
2896  -17.850  -100.670  -8.008 2.0309565067
2897  -17.397  -99.787  -11.711 2.1587600708
2898  -19.487  -99.581  -12.091 1.1264508963
2899  -39.284  -85.484  -14.429 3.6294791698
2900  -35.790  -86.684  -16.233 3.4772093296
2901  -39.453  -83.804  -14.857 1.0356361866
2902  -38.522  -82.247  -14.152 0.8428100348
3190  -11.585  -95.394  17.446 1.5474690199
3191  -10.594  -92.900  18.217 1.4991611242
3192  -11.910  -93.790  13.511 1.6295007467
3194  -11.263  -97.155  10.726 3.6319410801
3195  -9.754  -99.805  9.410 4.7280712128
3196  -11.636  -99.580  11.838 7.5771503448
3197  -27.828  -95.051  10.199 3.7407159805
3198  -25.008  -95.118  8.294 3.5010037422
3199  -26.335  -93.734  8.156 4.1981039047
3200  -24.583  -91.589  6.479 4.2500734329
3201  -27.597  -91.157  8.035 4.4916443825
3319  -3.980  -80.176  -1.117 1.4332529306
3320  -3.550  -77.985  0.986 0.9039034247
3324  -14.543  -91.942  -7.875 3.0449419022
3325  -12.256  -91.074  -8.804 2.3817234039
3326  -15.830  -88.777  -8.244 3.0505025387
3329  -24.358  -67.711  -6.201 1.8406645060
3330  -23.348  -65.137  -8.991 1.8964176178
3496  -26.806  -97.343  -6.001 3.3157565594
3497  -24.894  -96.606  -8.915 3.0269620419
3498  -27.049  -95.569  -7.619 3.2187256813
3499  -36.441  -89.760  -8.136 1.4354633093
3500  -33.198  -91.249  -9.553 1.4894431829
3501  -37.179  -88.758  -9.141 1.1928324699
3502  -38.146  -87.442  -10.789 0.8595857620
3503  -40.688  -86.216  -9.067 0.8073534369
3788  -17.169  -85.789  28.913 1.6098175049
3789  -17.833  -85.621  25.938 2.7214789391
3790  -16.522  -89.090  19.616 2.2145218849
3791  -15.730  -89.419  22.142 2.6544549465
3792  -14.777  -91.805  20.205 2.1619381905
3793  -13.421  -94.446  21.016 2.7918357849
3794  -15.753  -93.707  18.707 3.4101109505
3795  -16.356  -95.160  16.707 2.6760549545
3796  -17.665  -93.146  16.778 2.6958515644
3797  -23.189  -88.151  13.749 1.8780854940
3798  -21.966  -91.248  13.996 3.3346493244
3799  -24.614  -89.850  13.598 1.4944273233
3800  -26.176  -91.787  13.358 1.4446133375
3801  -26.814  -88.860  13.278 1.2501906157
3918  -12.698  -85.979  5.214 3.7739708424
3919  -8.157  -88.766  -2.292 14.3287096024
3920  -8.403  -86.610  -0.845 13.4178962708
3921  -5.554  -87.814  -1.929 9.4922122955
3922  -3.948  -85.765  -1.582 4.4176549911
3923  -3.726  -88.165  -4.001 5.3333287239
3924  -26.989  -82.580  -11.416 2.5352756977
3925  -25.137  -82.888  -9.815 3.2844102383
3926  -28.658  -80.162  -9.843 4.0482034683
3927  -29.002  -71.633  -13.552 1.9688633680
3928  -29.036  -75.307  -10.021 0.6699148417
3929  -29.392  -72.288  -10.116 3.3589212894
3930  -29.112  -72.641  -7.123 1.3469904661
3932  -30.685  -66.622  -11.085 1.3014461994
3933  -29.944  -66.391  -13.732 1.4414057732
3934  -37.115  -57.169  -17.602 1.2106628418
3935  -33.497  -58.855  -15.723 1.4881201982
4366  -14.929  -96.629  -1.643 7.5175600052
4367  -15.446  -94.963  -4.727 5.8710427284
4368  -16.143  -96.223  -6.775 2.9334819317
4369  -15.508  -97.892  -15.685 1.1437125206
4370  -13.544  -98.092  -13.758 2.0480597019
4371  -14.475  -96.749  -15.057 2.6231236458
4372  -14.261  -95.561  -12.845 2.7987864017
4373  -17.349  -95.798  -13.321 4.8047347069
4377  -28.517  -87.870  -16.138 2.6147334576
4378  -26.337  -89.888  -14.051 3.1037845612
4379  -25.625  -88.526  -14.985 2.0078597069
4380  -23.310  -89.335  -12.673 2.2578616142
4381  -24.960  -87.153  -15.618 2.5065515041
4382  -25.052  -85.300  -14.784 2.6351971626
4383  -28.689  -84.570  -15.431 3.2381491661
4384  -37.684  -78.273  -14.699 3.0786364079
4385  -35.476  -78.891  -13.306 4.1641635895
4386  -37.450  -76.550  -15.825 2.9560518265
4387  -37.906  -74.774  -16.702 2.2673938274
4388  -40.206  -73.870  -16.570 1.5250427723
5084  -39.495  -82.535  4.318 1.8995580673
5085  -40.809  -84.233  3.419 1.9815522432
5086  -42.360  -82.940  5.430 0.9161136150
5193  -32.997  -77.893  20.207 0.8304545283
5195  -31.466  -76.292  17.694 0.8616963625
5196  -29.731  -75.066  16.220 1.0480903387
5197  -30.384  -77.864  14.596 1.5597492456
5198  -28.535  -79.711  12.779 1.6651331186
5199  -31.577  -79.686  14.058 1.3452216387
5211  -34.224  -86.291  8.937 1.8274186850
5212  -33.631  -83.984  8.146 1.4464764595
5213  -30.862  -84.662  6.843 2.0891556740
5214  -33.442  -81.861  7.724 1.7085150480
5215  -38.932  -79.694  6.803 0.9032166004
5216  -35.588  -79.929  5.423 1.2347062826
5217  -37.546  -81.057  4.690 1.7227513790
5218  -35.855  -82.951  2.477 2.6217098236
5237  -3.840  -83.315  12.388 1.9675941467
5239  -4.285  -86.896  10.337 8.4373035431
5240  -5.901  -89.769  7.439 10.7630777359
5241  -3.641  -89.441  8.389 10.0871524811
5250  -10.106  -87.287  28.910 8.5878610611
5251  -8.578  -86.125  31.486 4.0189628601
5252  -8.427  -89.070  29.777 2.4095051289
5253  -7.835  -88.368  21.901 1.7101373672
5255  -6.866  -85.841  23.345 1.8728961945
5260  -4.858  -96.461  11.039 2.3121140003
5261  -3.803  -93.674  12.731 4.3427171707
5262  -4.338  -96.299  9.465 3.2897896767
5263  -5.491  -95.399  7.730 3.5204594135
5264  -6.038  -97.816  7.258 6.8342237473
5265  -8.462  -98.180  5.358 9.0882921219
5266  -6.095  -99.396  6.343 8.8511381149
5267  -9.421  -102.211  4.478 2.2443060875
5268  -8.348  -101.940  2.393 2.1876606941
5269  -10.628  -102.706  0.858 1.4103151560
5270  -12.514  -102.575  -2.359 1.7823394537
5271  -13.395  -102.643  0.426 1.3227691650
5272  -18.546  -98.725  13.864 5.0670433044
5273  -15.588  -99.806  11.410 1.8653894663
5274  -18.673  -99.125  10.956 2.3768761158
5275  -20.056  -97.329  3.631 5.5973973274
5276  -18.482  -98.681  4.203 3.7769360542
5277  -20.475  -99.688  2.105 3.1911559105
5278  -19.830  -100.526  0.138 2.2338542938
5279  -22.651  -99.628  0.124 3.1813423634
5280  -23.700  -98.367  -1.783 2.7301373482
5281  -23.541  -97.074  -0.337 2.4141390324
5282  -24.796  -88.504  1.738 1.8595893383
5283  -25.421  -91.204  -0.401 2.3822648525
5284  -27.117  -88.208  -0.393 2.3548228741
5285  -29.550  -88.112  -1.864 2.1021246910
5286  -29.259  -85.295  -0.289 2.7584521770
5559  -42.131  -84.356  -1.866 1.0996032953
5574  -40.774  -75.572  -10.158 1.4025616646
5579  -42.140  -65.533  -14.631 2.0102913380
5649  -9.135  -96.470  -8.323 9.7319011688
5650  -7.658  -95.054  -7.199 4.4504504204
5651  -6.607  -95.534  -10.501 3.7239513397
5652  -9.143  -89.020  -12.696 2.7219042778
5653  -6.223  -90.448  -12.805 3.1001970768
5654  -7.478  -88.249  -11.840 3.3215913773
5655  -6.689  -87.800  -8.722 4.5067467690
5656  -9.411  -85.427  -10.586 3.9904508591
5657  -20.304  -82.578  -6.932 1.4060161114
5658  -17.726  -83.991  -9.248 1.1564971209
5659  -18.666  -81.481  -8.337 3.1739945412
5660  -18.001  -75.690  -9.829 1.5606607199
5661  -17.222  -78.620  -10.967 1.6847409010
5662  -15.162  -77.526  -9.615 1.0180596113
5664  -13.278  -75.910  -8.517 1.0918377638
5665  -11.051  -74.851  -8.678 0.8905996084
5666  -14.569  -72.679  -9.858 1.7962241173
5842  -28.620  -92.576  -4.866 1.8592447042
5843  -28.762  -93.063  -6.775 0.9807164669
5844  -31.014  -90.111  -6.669 1.1487324238
5845  -35.476  -89.235  -6.733 1.5859826803
5846  -39.066  -87.853  -6.408 1.9508699179
6016  -22.523  -84.793  23.503 2.1344478130
6017  -19.122  -86.032  23.752 3.5089118481
6018  -20.413  -85.405  21.627 3.2276921272
6019  -18.515  -86.243  19.465 3.5452549458
6020  -17.746  -88.498  17.364 1.6927744150
6021  -18.460  -90.794  16.051 1.8585611582
6022  -19.346  -87.176  15.400 2.9511494637
6023  -21.970  -85.999  13.751 3.4532198906
6024  -24.497  -84.813  12.673 1.8614937067
6094  -10.939  -88.494  5.270 6.5276818275
6095  -12.245  -87.462  3.207 5.3453030586
6096  -12.214  -88.896  1.691 7.6913504601
6097  -10.836  -89.389  -1.619 12.2750635147
6098  -7.823  -90.636  -3.532 12.2770795822
6099  -32.762  -75.963  -13.818 3.5184638500
6100  -30.324  -76.890  -12.075 4.0834517479
6101  -32.183  -73.474  -15.204 2.4460763931
6102  -31.928  -70.653  -15.629 1.2339912653
6103  -32.322  -67.845  -15.651 1.0994913578
6104  -32.019  -65.301  -15.788 1.5771616697
6105  -35.547  -63.713  -15.633 1.5668305159
6106  -38.159  -59.664  -17.893 1.4478617907
6364  -15.231  -99.703  -5.869 3.1702206135
6365  -16.736  -97.723  -8.711 2.4848043919
6366  -16.670  -99.087  -10.565 2.7037692070
6367  -16.623  -98.924  -14.607 2.0012986660
6368  -17.674  -97.727  -16.995 1.3251769543
6369  -32.021  -90.831  -14.780 1.5139096975
6370  -29.078  -91.926  -15.553 2.1679186821
6371  -32.195  -89.686  -16.379 1.4429683685
6372  -32.003  -87.506  -16.878 5.7616448402
6373  -31.622  -85.436  -17.093 1.9204246998
6374  -32.251  -83.473  -15.936 2.1865983009
6375  -35.358  -82.841  -15.381 1.5395989418
6376  -37.736  -80.010  -13.796 1.8703726530
6377  -39.118  -77.249  -13.713 1.5840402842
6894  -10.061  -92.781  24.921 1.2244105339
6896  -8.708  -92.720  22.826 2.0361113548
6897  -9.140  -90.882  20.144 1.7353333235
6898  -8.610  -89.220  17.048 1.5469068289
6899  -6.149  -90.084  16.179 2.1956672668
6900  -7.261  -92.146  13.836 2.3586044312
6901  -6.697  -95.101  11.097 1.0702221394
6902  -6.380  -98.155  9.029 2.2984704971
6903  -6.095  -100.193  7.602 3.1050577164
6904  -7.418  -99.838  8.100 3.3028898239
6905  -9.131  -101.442  7.454 2.2999193668
6906  -11.152  -101.613  6.142 1.9462988377
6907  -24.489  -97.013  12.322 5.5135841370
6908  -21.753  -98.230  10.043 5.4551916122
6909  -23.597  -96.573  9.537 3.6960477829
6910  -21.511  -95.560  6.636 6.3663811684
6911  -20.699  -95.313  3.210 4.4096112251
6912  -22.224  -94.538  1.040 3.0810291767
6913  -21.996  -92.592  3.852 4.6736607552
6914  -23.730  -89.588  4.267 2.7947885990
6915  -25.757  -86.828  4.175 2.1566100121
7134  -9.957  -95.390  -11.756 4.2692914009
7136  -9.801  -92.989  -10.755 2.3246636391
7137  -10.673  -89.602  -10.645 2.9805469513
7138  -12.289  -87.460  -11.887 1.4409110546
7139  -23.095  -77.128  -5.113 1.6097067595
7140  -20.249  -78.585  -7.099 1.4846487045
7142  -20.022  -73.617  -7.616 1.5872397423
7143  -19.512  -71.783  -10.688 2.8285303116
7144  -17.815  -69.675  -11.219 2.6338410378
7145  -20.911  -67.071  -11.126 2.2157325745
7391  -21.353  -98.744  -11.773 0.9878240824
7392  -22.780  -97.321  -10.521 2.1862561703
7393  -25.063  -96.550  -12.578 4.5491709709
7394  -28.324  -95.192  -13.113 3.2328014374
7395  -29.446  -93.544  -9.105 1.0327185392
7396  -30.164  -93.160  -11.177 2.8253717422
7397  -30.686  -91.890  -12.729 2.4792447090
7398  -34.871  -88.852  -12.999 1.4104945660
7399  -38.909  -86.895  -12.952 0.6333615184
7400  -42.308  -83.299  -12.399 2.5163612366
7801  -13.024  -85.791  28.311 5.1415462494
7802  -12.136  -88.619  26.742 10.7052965164
7803  -15.755  -87.005  23.497 4.8323101997
7804  -14.151  -89.263  24.488 4.8376922607
7805  -12.177  -91.158  25.239 2.5958368778
7806  -11.339  -93.947  23.020 1.5446186066
7807  -11.854  -96.083  20.279 2.1349189281
7808  -12.718  -97.332  16.989 2.8021204472
7809  -13.235  -98.820  14.431 3.4450032711
7810  -14.985  -97.294  16.034 2.3720350266
7811  -17.490  -97.190  15.264 4.8403449059
7812  -20.573  -96.423  15.340 7.0610136986
7813  -19.740  -92.545  15.284 2.2505259514
7814  -21.273  -93.979  15.111 4.0475449562
7815  -23.188  -95.395  14.356 5.2414789200
7816  -25.433  -94.614  13.136 2.4158229828
7817  -27.656  -93.955  12.545 2.1317899227
7818  -29.392  -92.557  11.772 2.1748118401
7983  -11.342  -85.896  1.284 9.3311653137
7984  -8.911  -84.543  0.891 5.8983030319
7985  -6.142  -83.599  1.806 1.4132004976
7986  -3.979  -83.432  0.855 4.3557515144
7987  -3.332  -82.892  -1.236 2.1707737446
7988  -4.495  -82.363  -3.200 1.4893304110
7989  -21.282  -87.021  -9.713 2.2642693520
7990  -19.146  -86.947  -8.620 2.5881125927
7991  -21.704  -85.128  -9.653 1.5411307812
7992  -23.101  -82.928  -7.640 1.9282373190
7993  -24.010  -80.777  -6.224 2.7948019505
7994  -29.041  -78.035  -9.695 2.5811798573
7995  -27.588  -78.620  -6.996 1.2311387062
7996  -25.355  -78.360  -5.348 2.0724117756
7997  -26.458  -75.156  -4.899 2.1720352173
8002  -30.475  -63.828  -11.654 0.9081819057
8003  -28.626  -61.823  -14.308 0.8822931051
8004  -31.118  -62.985  -15.926 2.0447292328
8005  -30.018  -60.888  -16.139 1.4082888365
8408  -24.684  -78.899  21.445 1.0639848709
8409  -24.923  -76.982  19.397 1.1512484550
8554  -13.711  -94.079  1.782 7.9875545502
8555  -13.762  -92.671  -1.815 2.6889975071
8556  -14.649  -93.778  -3.249 5.8900628090
8557  -12.685  -95.272  -6.730 10.2137985229
8558  -10.597  -97.330  -9.535 8.1047773361
8559  -14.328  -97.576  -10.522 2.1000566483
8560  -12.102  -97.977  -11.578 3.2996590137
8561  -10.459  -96.985  -11.942 4.2405171394
8562  -11.825  -95.324  -12.302 3.8134763241
8563  -14.291  -93.676  -10.479 4.0426015854
8564  -17.639  -91.716  -8.440 2.6889269352
8565  -21.127  -98.378  -15.595 0.8478550315
8566  -20.607  -97.349  -17.280 1.1505968571
8568  -26.155  -92.381  -15.370 3.0471954346
8569  -23.100  -92.994  -14.983 2.9901053905
8570  -20.081  -94.677  -14.253 4.5438160896
8571  -20.670  -92.951  -11.466 2.3700823784
8572  -20.943  -90.619  -10.381 2.1195755005
8573  -21.335  -88.639  -9.882 1.9975908995
8574  -22.728  -86.049  -12.638 2.4312674999
8575  -25.711  -83.954  -13.120 2.9617016315
8576  -29.888  -81.843  -11.890 3.2880115509
8577  -32.774  -82.121  -13.591 3.9157929420
8578  -33.010  -80.288  -11.895 3.6396074295
8579  -33.239  -77.977  -12.351 3.5023896694
8580  -35.353  -75.536  -15.403 2.7447512150
8581  -38.959  -72.329  -17.477 2.2765545845
9430  -36.806  -85.042  0.045 2.8304109573
9431  -38.972  -86.042  -0.986 2.0790066719
9432  -39.458  -85.515  1.157 2.4409279823
9433  -42.045  -84.852  1.809 1.2172174454
9538  -25.911  -75.292  17.906 0.9824095368
9564  -27.592  -74.722  16.362 1.2359863520
9565  -25.460  -77.777  14.990 2.3196363449
9566  -25.660  -79.846  13.174 2.3565928936
9567  -26.385  -82.030  12.370 2.6306035519
9568  -27.465  -83.982  12.072 1.5360023975
9571  -28.606  -86.363  12.401 1.0796656609
9572  -29.610  -88.755  12.705 1.1424825191
9573  -30.655  -90.463  12.358 1.8160637617
9574  -31.014  -91.093  10.427 2.1971526146
9581  -34.771  -88.406  10.523 1.0372980833
9582  -32.411  -88.843  9.517 2.0709464550
9583  -29.994  -89.880  8.991 2.2306964397
9584  -28.778  -87.711  7.688 2.4621050358
9585  -27.957  -85.543  5.805 2.9802377224
9586  -28.503  -83.938  3.498 2.6636226177
9587  -33.906  -80.151  6.530 1.8126397133
9588  -31.823  -81.550  4.289 2.1475362778
9589  -30.221  -83.419  1.801 3.2094364166
9590  -32.621  -83.772  1.071 3.0692293644
9591  -34.740  -84.434  0.406 3.5454161167
9592  -33.865  -85.444  -1.879 2.5470135212
9617  -7.015  -84.623  11.523 1.6215945482
9618  -8.612  -87.880  9.204 8.3696193695
9619  -8.463  -89.172  6.605 8.1466655731
9620  -9.150  -90.618  4.989 6.1933903694
9621  -10.077  -92.388  5.276 4.3253254890
9632  -7.595  -85.490  33.669 2.4930677414
9642  -3.730  -86.835  13.472 2.3315007687
9643  -4.042  -90.422  16.040 3.2982742786
9644  -3.210  -90.451  13.335 6.8935585022
9645  -2.707  -89.818  10.066 6.7370634079
9646  -4.576  -92.812  7.122 3.6073014736
9647  -7.428  -93.881  6.174 4.6457157135
9648  -11.077  -94.678  5.361 12.0359039307
9649  -11.562  -96.472  4.132 9.7561626434
9650  -11.821  -97.747  2.515 8.3783359528
9651  -11.753  -98.852  -0.033 8.1872539520
9652  -7.093  -100.944  4.726 10.3466234207
9653  -9.045  -100.769  0.825 7.1413507462
9654  -11.841  -100.442  -2.616 4.1868662834
9655  -13.171  -101.745  -4.476 2.6973266602
9656  -15.512  -102.331  -5.393 2.2431416512
9657  -18.043  -101.631  -4.750 2.1154196262
9658  -13.345  -100.347  11.721 7.0620846748
9659  -13.311  -100.719  8.629 2.2221872807
9660  -13.479  -100.741  4.920 2.1094217300
9661  -18.442  -98.682  7.533 2.4324293137
9662  -16.297  -99.744  4.335 2.3543119431
9663  -14.984  -101.780  2.416 2.1912586689
9664  -16.510  -101.443  -0.014 2.2137103081
9665  -18.398  -100.791  -2.189 2.2515151501
9666  -20.710  -100.204  -4.468 2.2720079422
9667  -23.194  -98.647  -4.341 2.4558408260
9668  -25.854  -98.076  -3.500 3.0346717834
9669  -27.849  -96.136  -3.003 3.1521732807
9670  -24.281  -94.461  -0.732 2.4768023491
9671  -27.138  -94.110  -1.711 2.4649889469
9672  -28.523  -93.395  -3.343 2.5627181530
9673  -28.777  -90.563  -3.753 2.2438983917
9674  -30.971  -87.429  -3.360 2.3535852432
10000  -40.074  -86.053  -2.560 1.4932636023
10001  -40.775  -85.758  -4.319 1.7271648645
10002  -40.739  -85.121  -5.766 1.9590032101
10008  -43.784  -79.824  -11.084 1.3022836447
10017  -43.311  -78.616  -12.024 0.8679657578
10018  -41.726  -78.013  -11.964 1.0370129347
10019  -39.692  -76.778  -11.745 1.0075006485
10020  -39.369  -74.655  -12.732 1.0188095570
10023  -40.411  -72.344  -14.320 1.1232862473
10024  -41.579  -69.736  -15.430 2.5230212212
10025  -43.005  -66.960  -16.460 5.6728649139
10026  -44.158  -63.974  -17.857 4.4181232452
10052  -43.670  -59.800  -17.902 2.0382542610
10053  -44.222  -60.208  -19.870 0.8070966005
10108  -10.516  -92.628  -4.237 3.7011041641
10109  -7.289  -93.140  -5.405 3.3084740639
10110  -4.932  -92.519  -5.844 4.2362275124
10111  -5.958  -93.081  -12.251 3.4574549198
10112  -4.226  -91.795  -10.146 3.4698555470
10113  -3.888  -90.387  -6.605 4.7649507523
10114  -3.629  -87.593  -7.210 3.9868292809
10115  -5.091  -85.204  -5.926 2.1883900166
10117  -17.511  -86.793  -10.121 3.7275593281
10118  -15.740  -85.986  -11.587 1.4545998573
10119  -13.831  -84.315  -12.253 3.3485736847
10120  -17.803  -79.966  -9.661 1.9065494537
10121  -15.457  -80.764  -11.977 2.0757324696
10122  -11.629  -82.230  -12.294 3.5447337627
10123  -10.989  -82.250  -9.394 1.8949593306
